
--- page 1 ---
NATIONAL TESTING AGENCY 
GRADUATE APTITUDE TEST-BIOTECHNOLOGY (GAT-B) -2023 
EXAM DATE: 13.05.2023 
 
 
 
 
 
 
 
 
 
Shift: Shift I 
 
 
Question Id 
Correct Answer 
Question Id 
Correct Answer 
Question Id 
Correct Answer 
11001 
3 
11035 
1 
11069 
4 
11002 
4 
11036 
1 
11070 
2 
11003 
4 
11037 
4 
11071 
3 
11004 
3 
11038 
2 
11072 
2 
11005 
3 
11039 
4 
11073 
4 
11006 
2 
11040 
1 
11074 
3 
11007 
2 
11041 
3 
11075 
3 
11008 
3 
11042 
2 
11076 
2 
11009 
2 
11043 
3 
11077 
1 
11010 
4 
11044 
3 
11078 
3 
11011 
1 
11045 
4 
11079 
3 
11012 
DROP 
11046 
4 
11080 
4 
11013 
3 
11047 
4 
11081 
3 
11014 
4 
11048 
2 
11082 
1 
11015 
2 
11049 
2 
11083 
4 
11016 
3 
11050 
1 
11084 
1 
11017 
4 
11051 
1 
11085 
2 
11018 
1 
11052 
3 
11086 
3 
11019 
2 
11053 
3 
11087 
1 
11020 
3 
11054 
3 
11088 
3 
11021 
3 
11055 
3 
11089 
2 
11022 
2 
11056 
4 
11090 
1 
11023 
4 
11057 
1 
11091 
2 
11024 
1 
11058 
1 
11092 
1 
11025 
2 
11059 
2 
11093 
1 
11026 
3 
11060 
2 
11094 
4 
11027 
4 
11061 
3 
11095 
2 
11028 
4 
11062 
3 
11096 
1 
11029 
3 
11063 
4 
11097 
1 
11030 
3 
11064 
3 
11098 
2 
11031 
1 
11065 
2 
11099 
4 
11032 
4 
11066 
3 
11100 
1 
11033 
1 
11067 
1 
11101 
2 
11034 
1 
11068 
2 
11102 
4
--- page 2 ---
NATIONAL TESTING AGENCY 
GRADUATE APTITUDE TEST-BIOTECHNOLOGY (GAT-B) -2023 
EXAM DATE: 13.05.2023 
 
 
 
 
 
 
 
 
 
Shift: Shift I 
 
 
Question Id 
Correct Answer 
Question Id 
Correct Answer 
11103 
1 
11137 
4 
11104 
2 
11138 
3 
11105 
4 
11139 
2 
11106 
1 
11140 
4 
11107 
1 
11141 
1 
11108 
2 
11142 
1 
11109 
3 
11143 
2 
11110 
3 
11144 
4 
11111 
1 
11145 
4 
11112 
4 
11146 
1 
11113 
4 
11147 
1 
11114 
1 
11148 
2 
11115 
3 
11149 
2 
11116 
4 
11150 
1 
11117 
3 
11151 
4 
11118 
2 
11152 
1 
11119 
3 
11153 
2 
11120 
1 
11154 
2 
11121 
2 
11155 
3 
11122 
1 
11156 
2 
11123 
4 
11157 
2 
11124 
3 
11158 
2 
11125 
1 
11159 
3 
11126 
2 
11160 
3 
11127 
3 
11128 
2 
11129 
1 
11130 
4 
11131 
2 
11132 
1 
11133 
2 
11134 
2 
11135 
1 
11136 
4